0 0 0 -6.5132155990000005
0 0 1 -6.5132155990000005
0 0 2 -6.5132155990000005
0 0 3 -6.12579511
0 2 0 -5.6953279000000006
0 2 1 -5.6953279000000006
0 2 2 -5.217031
0 2 3 -5.217031
0 3 0 -5.6953279000000006
0 3 1 -5.217031
0 3 2 -5.217031
0 3 3 -4.68559
0 5 0 -2.71
0 5 1 -2.71
0 5 2 -1.9
0 5 3 -3.439
0 6 0 -2.71
0 6 1 -1.9
0 6 2 -1.0
0 6 3 -2.71
0 7 0 0.0
0 7 1 0.0
0 7 2 0.0
0 7 3 0.0
1 0 0 -6.12579511
1 0 1 -6.5132155990000005
1 0 2 -5.6953279000000006
1 0 3 -6.12579511
1 1 0 -6.12579511
1 1 1 -5.6953279000000006
1 1 2 -5.217031
1 1 3 -5.6953279000000006
1 2 0 -5.6953279000000006
1 2 1 -5.6953279000000006
1 2 2 -4.68559
1 2 3 -5.217031
1 3 0 -5.217031
1 3 1 -5.217031
1 3 2 -4.0951
1 3 3 -4.68559
1 4 0 -4.68559
1 4 1 -4.0951
1 4 2 -3.439
1 4 3 -4.0951
1 5 0 -4.0951
1 5 1 -2.71
1 5 2 -2.71
1 5 3 -3.439
1 6 0 -3.439
1 6 1 -1.9
1 6 2 -2.71
1 6 3 -2.71
